184440593.95026100,0.39351058,1.99143916,0.00000000,0.00000000,1000.00000000
184441587.65656298,0.39351066,1.99143918,0.00000000,0.00000000,1000.00000000
184442583.27510399,0.39351069,1.99143918,0.00000000,0.00000000,1000.00000000
184443588.20807198,0.39351089,1.99143921,0.00000000,0.00000000,1000.00000000
184444583.73770699,0.39351099,1.99143924,0.00000000,0.00000000,1000.00000000
184445576.47281098,0.39351101,1.99143922,0.00000000,0.00000000,1000.00000000
184446586.58853999,0.39351111,1.99143925,0.00000000,0.00000000,1000.00000000
184447584.82796699,0.39351113,1.99143924,0.00000000,0.00000000,1000.00000000
184448572.66145599,0.39351115,1.99143924,0.00000000,0.00000000,1000.00000000
184449575.58822599,0.39351124,1.99143931,0.00000000,0.00000000,1000.00000000
184450584.30905899,0.39351126,1.99143935,0.00000000,0.00000000,1000.00000000
184451578.05322498,0.39351126,1.99143940,0.00000000,0.00000000,1000.00000000
184452590.90155798,0.39351128,1.99143944,0.00000000,0.00000000,1000.00000000
184453607.88999599,0.39351132,1.99143938,0.00000000,0.00000000,1000.00000000
184454583.02718300,0.39351130,1.99143934,0.00000000,0.00000000,1000.00000000
184455582.21765098,0.39351128,1.99143936,0.00000000,0.00000000,1000.00000000
184456593.73817098,0.39351127,1.99143945,0.00000000,0.00000000,1000.00000000
184457583.30884799,0.39351124,1.99143946,0.00000000,0.00000000,1000.00000000
184458591.69567099,0.39351131,1.99143943,0.00000000,0.00000000,1000.00000000
184459587.00426400,0.39351130,1.99143934,0.00000000,0.00000000,1000.00000000
184460595.23910698,0.39351127,1.99143936,0.00000000,0.00000000,1000.00000000
184461589.26343000,0.39351126,1.99143935,0.00000000,0.00000000,1000.00000000
184462578.76144999,0.39351124,1.99143927,0.00000000,0.00000000,1000.00000000
184463591.39259601,0.39351126,1.99143923,0.00000000,0.00000000,1000.00000000
184464603.92108500,0.39351128,1.99143918,0.00000000,0.00000000,1000.00000000
184465591.41915798,0.39351130,1.99143916,0.00000000,0.00000000,1000.00000000
184466598.63973001,0.39351126,1.99143917,0.00000000,0.00000000,1000.00000000
184467575.52498999,0.39351125,1.99143915,0.00000000,0.00000000,1000.00000000
184468571.00254199,0.39351130,1.99143919,0.00000000,0.00000000,1000.00000000
184469577.45379201,0.39351133,1.99143919,0.00000000,0.00000000,1000.00000000
184470587.32269698,0.39351133,1.99143914,0.00000000,0.00000000,1000.00000000
184471580.81582201,0.39351142,1.99143912,0.00000000,0.00000000,1000.00000000
184472585.95628998,0.39351137,1.99143911,0.00000000,0.00000000,1000.00000000
184473581.21899799,0.39351138,1.99143909,0.00000000,0.00000000,1000.00000000
184474587.69295600,0.39351138,1.99143904,0.00000000,0.00000000,1000.00000000
184475584.65566400,0.39351142,1.99143904,0.00000000,0.00000000,1000.00000000
184476583.96009099,0.39351149,1.99143909,0.00000000,0.00000000,1000.00000000
184477583.36024699,0.39351156,1.99143907,0.00000000,0.00000000,1000.00000000
184478576.90738198,0.39351161,1.99143912,0.00000000,0.00000000,1000.00000000
184479582.22170401,0.39351164,1.99143915,0.00000000,0.00000000,1000.00000000
184480624.57248500,0.39351163,1.99143921,0.00000000,0.00000000,1000.00000000
184481581.78540200,0.39351170,1.99143925,0.00000000,0.15433332,0.27925268
184482577.42003700,0.39351179,1.99143926,0.00000000,0.56588884,0.00523599
184483580.58394200,0.39351194,1.99143908,0.00000000,1.64622208,6.11563370
184484595.13545200,0.39351221,1.99143898,0.00000000,2.41788868,6.06501915
184485583.55946299,0.39351261,1.99143885,0.00000000,2.26355536,6.10865238
184486584.53071198,0.39351295,1.99143874,0.00000000,2.26355536,6.09992574
184487591.50414899,0.39351375,1.99143858,0.00000000,4.32133296,6.13657765
184488591.15961799,0.39351462,1.99143846,0.00000000,5.09299956,6.22733477
184489582.17951298,0.39351565,1.99143865,0.00000000,6.37911056,0.00872665
184490583.43268999,0.39351672,1.99143879,0.00000000,6.53344388,6.25526004
184491594.01279399,0.39351831,1.99143944,0.00000000,8.33399928,0.07504916
184492601.80800200,0.39351954,1.99143989,0.00000000,6.99644384,0.18675023
184493581.65102199,0.39352108,1.99144031,0.00000000,7.51088824,0.19198622
184494582.37529200,0.39352264,1.99144090,0.00000000,6.63633276,0.12566371
184495592.36346900,0.39352391,1.99144122,0.00000000,5.96755504,0.08203047
184496598.42893699,0.39352491,1.99144147,0.00000000,4.93866624,0.16929694
184497583.54346800,0.39352590,1.99144154,0.00000000,5.24733288,0.00174533
184498592.16034299,0.39352672,1.99144168,0.00000000,4.52711072,0.08203047
184499573.48711300,0.39352756,1.99144181,0.00000000,5.09299956,0.14660766
184500593.40237299,0.39352831,1.99144212,0.00000000,4.78433292,0.42236968
184501582.53502899,0.39352896,1.99144254,0.00000000,5.29877732,0.72082098
184502587.21377900,0.39352946,1.99144314,0.00000000,5.71033284,0.86393798
184503592.28190398,0.39353008,1.99144386,0.00000000,6.63633276,0.90233522
184504589.02961200,0.39353085,1.99144468,0.00000000,7.25366604,0.81681409
184505574.01461101,0.39353168,1.99144562,0.00000000,7.61377712,0.84473936
184506591.42633000,0.39353262,1.99144655,0.00000000,7.61377712,0.82728607
184507588.58382899,0.39353336,1.99144756,0.00000000,7.15077716,0.89884456
184508578.68934998,0.39353414,1.99144840,0.00000000,7.09933272,0.70511302
184509570.77820298,0.39353477,1.99144928,0.00000000,6.58488832,0.92851516
184510572.31075498,0.39353530,1.99145025,0.00000000,7.66522156,0.95818576
184511574.50341100,0.39353575,1.99145127,0.00000000,6.68777720,0.96342175
184512577.69913998,0.39353662,1.99145227,0.00000000,7.56233268,0.83252205
184513588.75992098,0.39353743,1.99145326,0.00000000,7.97388820,0.86219265
184514572.17257598,0.39353809,1.99145436,0.00000000,7.45944380,0.91280720
184515580.97554499,0.39353866,1.99145527,0.00000000,6.68777720,0.90931654
184516575.29788798,0.39353930,1.99145616,0.00000000,6.27622168,0.85172067
184517579.81413800,0.39353976,1.99145698,0.00000000,5.35022176,0.89709924
184518577.14481500,0.39354031,1.99145783,0.00000000,5.19588844,1.04021623
184519592.77148098,0.39354052,1.99145847,0.00000000,4.62999960,1.26012772
184520598.49471000,0.39354097,1.99145888,0.00000000,4.01266632,1.20427718
184521581.49684498,0.39354077,1.99145930,0.00000000,3.90977744,1.88146493
184522595.56147999,0.39354054,1.99145970,0.00000000,3.90977744,2.34397719
184523589.57439598,0.39353952,1.99146000,0.00000000,6.22477724,2.73493094
184524582.84413499,0.39353879,1.99146006,0.00000000,5.91611060,2.99149434
184525580.25314498,0.39353779,1.99146009,0.00000000,6.79066608,3.00545697
184526583.78027999,0.39353686,1.99146018,0.00000000,6.89355496,3.02814625
184527577.22772798,0.39353575,1.99146022,0.00000000,8.02533264,3.04734487
184528585.63309199,0.39353435,1.99146015,0.00000000,8.69411036,3.11017673
184529573.64970601,0.39353313,1.99145989,0.00000000,8.69411036,3.20442451
184530591.46548700,0.39353168,1.99145973,0.00000000,8.84844368,3.24631241
184531584.79246598,0.39353044,1.99145991,0.00000000,8.33399928,3.17475391
184532592.69090298,0.39352926,1.99145992,0.00000000,7.71666600,3.11017673
184533576.95704800,0.39352812,1.99145988,0.00000000,7.40799936,3.12239403
184534576.13345399,0.39352709,1.99146038,0.00000000,6.84211052,3.11366739
184535582.97230798,0.39352614,1.99146034,0.00000000,6.01899948,3.20267918
184536598.20527598,0.39352580,1.99146045,0.00000000,3.24099972,3.25154840
184537576.40772399,0.39352550,1.99146042,0.00000000,2.62366644,3.23234977
184538580.75923398,0.39352523,1.99146046,0.00000000,1.95488872,3.19046187
184539587.91944200,0.39352496,1.99146026,0.00000000,2.00633316,3.13810200
184540596.99871200,0.39352444,1.99146036,0.00000000,2.93233308,3.03687290
184541583.03589898,0.39352379,1.99146048,0.00000000,3.90977744,3.02640092
184542616.03011799,0.39352302,1.99146074,0.00000000,4.93866624,3.01243829
184543583.38751298,0.39352221,1.99146083,0.00000000,5.14444400,3.08748745
184544583.85423198,0.39352148,1.99146127,0.00000000,5.19588844,3.07876080
184545574.28417900,0.39352079,1.99146127,0.00000000,4.88722180,3.08399679
184546588.26381400,0.39351997,1.99146125,0.00000000,4.73288848,3.10843140
184547574.66105300,0.39351909,1.99146148,0.00000000,5.04155512,3.02465559
184548592.65813598,0.39351810,1.99146181,0.00000000,6.01899948,2.93040781
184549575.42813599,0.39351705,1.99146192,0.00000000,6.63633276,2.93738913
184550579.39115599,0.39351588,1.99146217,0.00000000,7.04788828,2.93913446
184551607.10922900,0.39351483,1.99146218,0.00000000,6.99644384,2.96880506
184552574.16209298,0.39351389,1.99146224,0.00000000,6.01899948,2.95658775
184553583.94422799,0.39351257,1.99146250,0.00000000,7.40799936,2.96531440
184554585.47980100,0.39351119,1.99146249,0.00000000,8.23111040,3.01941961
184555579.60453999,0.39350985,1.99146287,0.00000000,7.97388820,3.02465559
184556594.74933100,0.39350852,1.99146342,0.00000000,7.09933272,3.00894763
184557580.66344500,0.39350763,1.99146377,0.00000000,5.60744396,3.00022098
184558589.25761199,0.39350690,1.99146405,0.00000000,4.57855516,2.99498500
184559580.94193399,0.39350620,1.99146416,0.00000000,4.06411076,3.02291026
184560591.57203799,0.39350568,1.99146417,0.00000000,3.34388860,3.19395253
184561571.82859999,0.39350521,1.99146420,0.00000000,3.29244416,3.16428193
184562584.67010999,0.39350470,1.99146438,0.00000000,3.34388860,2.96182374
184563591.14594299,0.39350429,1.99146450,0.00000000,3.03522196,2.92168117
184564581.49531800,0.39350406,1.99146458,0.00000000,1.74911096,2.89026524
184565587.88630700,0.39350397,1.99146461,0.00000000,1.08033324,2.88502925
184566583.60141098,0.39350397,1.99146468,0.00000000,0.00000000,1000.00000000
184567582.92437899,0.39350369,1.99146488,0.00000000,1.02888880,2.88153860
184568578.06448299,0.39350331,1.99146518,0.00000000,1.90344428,2.87804794
184569592.96693000,0.39350296,1.99146530,0.00000000,2.31499980,2.82917872
184570588.64932600,0.39350246,1.99146545,0.00000000,3.90977744,2.72620429
184571589.17286700,0.39350184,1.99146567,0.00000000,4.21844408,2.74016693
184572595.72817898,0.39350121,1.99146587,0.00000000,3.85833300,2.89026524
184573591.15802300,0.39349993,1.99146567,0.00000000,5.65888840,3.04385422
184574588.94140798,0.39349889,1.99146536,0.00000000,5.60744396,3.32310690
184575582.38484499,0.39349844,1.99146524,0.00000000,3.96122188,3.26027504
184576592.11463600,0.39349815,1.99146465,0.00000000,3.13811084,3.48716785
184577568.38947999,0.39349795,1.99146431,0.00000000,2.52077756,4.34063385
184578576.19932300,0.39349781,1.99146401,0.00000000,1.64622208,4.59021593
184579608.52656201,0.39349767,1.99146385,0.00000000,0.97744436,4.64606647
184580591.90614501,0.39349712,1.99146372,0.00000000,1.23466656,4.66526509
184581585.99671799,0.39349685,1.99146193,0.00000000,5.24733288,4.67748240
184582574.63140500,0.39349661,1.99146065,0.00000000,6.68777720,4.67224641
184583569.61208099,0.39349642,1.99145952,0.00000000,6.27622168,4.66351976
184584573.61478898,0.39349632,1.99145878,0.00000000,4.78433292,4.58497994
184585574.88275799,0.39349637,1.99145768,0.00000000,5.19588844,4.65304779
184586576.53739300,0.39349623,1.99145649,0.00000000,5.09299956,4.52214809
184587581.50291300,0.39349576,1.99145538,0.00000000,5.55599952,4.25336739
184588588.16171500,0.39349526,1.99145453,0.00000000,4.42422184,4.17657290
184589569.59499601,0.39349447,1.99145397,0.00000000,4.26988852,3.60410491
184590576.66468298,0.39349302,1.99145353,0.00000000,5.86466616,3.47145988
184591583.98343199,0.39349201,1.99145324,0.00000000,6.53344388,3.29169097
184592592.72124499,0.39349088,1.99145300,0.00000000,7.35655492,3.21838714
184593576.67009798,0.39348971,1.99145280,0.00000000,7.09933272,3.22711379
184594595.50223300,0.39348872,1.99145346,0.00000000,5.71033284,3.20442451
184595599.54473299,0.39348774,1.99145383,0.00000000,5.55599952,3.00022098
184596583.78910798,0.39348736,1.99145376,0.00000000,3.65255524,3.43131731
184597583.40952399,0.39348775,1.99145371,0.00000000,1.85199984,4.02647458
184598576.10155499,0.39348771,1.99145280,0.00000000,3.85833300,4.55356402
184599578.34499198,0.39348787,1.99145137,0.00000000,6.94499940,4.64083048
184600577.57160598,0.39348791,1.99145004,0.00000000,8.02533264,4.73158760
184601588.92108500,0.39348792,1.99144858,0.00000000,8.12822152,4.75253155
184602575.10821998,0.39348805,1.99144701,0.00000000,8.48833260,4.76474886
184603592.90040699,0.39348793,1.99144570,0.00000000,7.81955488,4.73333293
184604591.04092801,0.39348782,1.99144455,0.00000000,6.94499940,4.71238898
184605581.82571900,0.39348789,1.99144362,0.00000000,5.24733288,4.83456203
184606581.94738498,0.39348772,1.99144275,0.00000000,4.32133296,4.88692191
184607608.63410300,0.39348803,1.99144207,0.00000000,4.26988852,5.39132206
184608592.31332198,0.39348867,1.99144165,0.00000000,5.45311064,5.86779695
184609569.81045699,0.39348973,1.99144136,0.00000000,6.63633276,6.06676448
184610586.73024800,0.39349100,1.99144124,0.00000000,7.87099932,6.16973891
184611581.47670600,0.39349245,1.99144121,0.00000000,8.43688816,6.26573201
184612584.66165400,0.39349381,1.99144121,0.00000000,8.48833260,6.26747734
184613584.91889298,0.39349513,1.99144118,0.00000000,8.12822152,6.25875070
184614602.13946500,0.39349624,1.99144114,0.00000000,7.76811044,6.27096800
184615598.82029799,0.39349737,1.99144116,0.00000000,7.25366604,6.26922267
184616577.26352701,0.39349822,1.99144113,0.00000000,6.17333280,6.28318531
184617586.58436000,0.39349898,1.99144109,0.00000000,4.93866624,6.27620399
184618591.61993298,0.39349961,1.99144113,0.00000000,3.60111080,6.27620399
184619579.00446299,0.39349996,1.99144117,0.00000000,2.16066648,1000.00000000
184620599.50665098,0.39350023,1.99144117,0.00000000,1.74911096,0.00523599
184621618.92914999,0.39350057,1.99144122,0.00000000,1.80055540,0.00872665
184622580.80555600,0.39350097,1.99144130,0.00000000,2.21211092,0.01221730
184623584.29972199,0.39350133,1.99144138,0.00000000,2.05777760,0.01047198
184624585.52446198,0.39350201,1.99144146,0.00000000,3.44677748,0.01919862
184625572.78253400,0.39350269,1.99144153,0.00000000,4.06411076,0.01047198
184626586.70196098,0.39350341,1.99144169,0.00000000,4.32133296,0.02268928
184627582.38789800,0.39350414,1.99144169,0.00000000,4.52711072,6.26049603
184628578.79300198,0.39350487,1.99144169,0.00000000,4.88722180,0.00698132
184629580.14185598,0.39350554,1.99144169,0.00000000,5.19588844,0.00174533
184630583.24607399,0.39350635,1.99144170,0.00000000,5.81322172,0.01221730
184631579.52956298,0.39350715,1.99144152,0.00000000,5.96755504,6.27096800
184632584.59169799,0.39350800,1.99144153,0.00000000,5.86466616,6.26747734
184633586.52721900,0.39350886,1.99144145,0.00000000,5.55599952,6.25526004
184634580.76492700,0.39350956,1.99144135,0.00000000,4.88722180,6.25351471
184635588.03289500,0.39351051,1.99144134,0.00000000,6.37911056,6.27794932
184636577.29846698,0.39351133,1.99144140,0.00000000,5.91611060,1000.00000000
184637582.46758199,0.39351234,1.99144136,0.00000000,6.58488832,6.27620399
184638585.35034201,0.39351339,1.99144137,0.00000000,6.84211052,6.27620399
184639587.27903900,0.39351452,1.99144127,0.00000000,7.04788828,6.25526004
184640592.89284098,0.39351561,1.99144122,0.00000000,6.94499940,6.21686280
184641625.36039299,0.39351663,1.99144114,0.00000000,6.63633276,6.26049603
184642584.95690298,0.39351759,1.99144123,0.00000000,6.37911056,6.26747734
184643581.83086100,0.39351858,1.99144127,0.00000000,6.22477724,6.26049603
184644575.66461000,0.39351955,1.99144128,0.00000000,6.01899948,6.25875070
184645575.84914100,0.39352057,1.99144127,0.00000000,6.53344388,6.25526004
184646588.42127600,0.39352169,1.99144127,0.00000000,6.27622168,6.27620399
184647608.69955701,0.39352281,1.99144123,0.00000000,6.17333280,6.27969465
184648573.08757699,0.39352370,1.99144119,0.00000000,5.09299956,0.00698132
184649581.92486900,0.39352452,1.99144119,0.00000000,4.62999960,0.00349066
184650585.48054498,0.39352526,1.99144114,0.00000000,4.26988852,6.26747734
184651581.73580500,0.39352594,1.99144110,0.00000000,4.06411076,6.23431609
184652593.92132598,0.39352646,1.99144110,0.00000000,3.49822192,6.23780675
184653589.89299199,0.39352699,1.99144110,0.00000000,3.24099972,6.22035345
184654588.67450199,0.39352737,1.99144112,0.00000000,2.77799976,6.24304273
184655585.27226198,0.39352771,1.99144109,0.00000000,2.31499980,0.02443461
184656576.02210599,0.39352808,1.99144115,0.00000000,2.16066648,0.11868239
184657588.53007400,0.39352861,1.99144126,0.00000000,3.08666640,0.34557519
184658587.49903199,0.39352918,1.99144160,0.00000000,4.16699964,0.59515727
184659595.59132299,0.39352986,1.99144221,0.00000000,5.76177728,0.73652894
184660590.02173999,0.39353060,1.99144318,0.00000000,7.66522156,0.82554074
184661589.78423899,0.39353156,1.99144441,0.00000000,9.05422144,0.85346600
184662592.27647799,0.39353241,1.99144567,0.00000000,9.51722140,0.85172067
184663590.22064498,0.39353347,1.99144688,0.00000000,9.51722140,0.84299403
184664588.66585299,0.39353435,1.99144816,0.00000000,9.41433252,0.86219265
184665585.83652899,0.39353556,1.99144919,0.00000000,9.56866584,0.80808744
184666585.99199799,0.39353657,1.99145035,0.00000000,9.25999920,0.84299403
184667590.47668499,0.39353755,1.99145170,0.00000000,9.56866584,0.84124870
184668614.78366399,0.39353833,1.99145300,0.00000000,9.82588804,0.84473936
184669567.64069399,0.39353895,1.99145416,0.00000000,9.15711032,0.84473936
184670599.45876700,0.39353973,1.99145529,0.00000000,7.97388820,0.81681409
184671595.12074599,0.39354034,1.99145614,0.00000000,6.63633276,0.81855942
184672592.40074500,0.39354095,1.99145694,0.00000000,6.32766612,0.86568331
184673585.29996398,0.39354142,1.99145751,0.00000000,4.93866624,1.04894288
184674582.37777600,0.39354147,1.99145809,0.00000000,4.01266632,1.43291532
184675581.16704598,0.39354126,1.99145873,0.00000000,4.01266632,1.93906080
184676580.56985798,0.39354092,1.99145925,0.00000000,4.32133296,2.25671072
184677592.71386799,0.39354023,1.99145966,0.00000000,4.93866624,2.60054059
184678582.55058700,0.39353960,1.99145984,0.00000000,5.04155512,2.71747765
184679583.34839898,0.39353877,1.99145996,0.00000000,5.35022176,2.83092405
184680587.21053401,0.39353786,1.99146014,0.00000000,6.27622168,2.90771853
184681598.09230399,0.39353663,1.99146034,0.00000000,8.64266592,2.92691716
184682584.73443899,0.39353510,1.99146041,0.00000000,8.95133256,2.99323967
184683588.24636599,0.39353366,1.99146035,0.00000000,9.10566588,3.02640092
184684576.26902199,0.39353223,1.99146050,0.00000000,8.84844368,3.00545697
184685584.66329199,0.39353089,1.99146066,0.00000000,8.17966596,3.01418362
184686580.53844801,0.39352963,1.99146078,0.00000000,7.92244376,3.01941961
184687586.61391699,0.39352874,1.99146100,0.00000000,6.07044392,3.00894763
184688577.25417700,0.39352787,1.99146094,0.00000000,5.40166620,3.00196631
184689610.80730098,0.39352709,1.99146102,0.00000000,5.19588844,2.96356907
184690586.20579100,0.39352620,1.99146138,0.00000000,5.50455508,2.82568806
184691583.00797799,0.39352525,1.99146161,0.00000000,6.07044392,2.83965069
184692573.74750900,0.39352424,1.99146169,0.00000000,6.32766612,2.93389847
184693582.43703899,0.39352306,1.99146170,0.00000000,7.66522156,3.06130751
184694596.86776799,0.39352179,1.99146179,0.00000000,8.43688816,3.04734487
184695598.14651799,0.39352038,1.99146199,0.00000000,9.20855476,3.02116494
184696574.30136099,0.39351896,1.99146216,0.00000000,8.79699924,3.01069296
184697624.55458999,0.39351766,1.99146225,0.00000000,8.59122148,3.00720230
184698585.85354799,0.39351632,1.99146232,0.00000000,8.28255484,2.99323967
184699583.83729801,0.39351506,1.99146226,0.00000000,7.66522156,3.01069296
184700578.24943298,0.39351376,1.99146241,0.00000000,7.92244376,3.01418362
184701595.27339098,0.39351225,1.99146250,0.00000000,8.69411036,3.02116494
184702583.70849398,0.39351046,1.99146277,0.00000000,9.82588804,3.01592895
184703596.23099399,0.39350833,1.99146309,0.00000000,10.90622128,3.04909020
184704580.13896200,0.39350738,1.99146376,0.00000000,9.51722140,3.00545697
184705583.59338900,0.39350601,1.99146442,0.00000000,9.36288808,3.02465559
184706580.55849299,0.39350470,1.99146476,0.00000000,9.10566588,3.00545697
184707580.73109698,0.39350337,1.99146500,0.00000000,8.59122148,3.02814625
184708579.95083600,0.39350206,1.99146512,0.00000000,8.43688816,3.02116494
184709578.67187700,0.39350098,1.99146525,0.00000000,7.04788828,3.02465559
184710573.42916799,0.39349988,1.99146541,0.00000000,6.53344388,3.01941961
184711590.40776199,0.39349905,1.99146539,0.00000000,5.19588844,3.11192206
184712583.51114699,0.39349819,1.99146513,0.00000000,4.93866624,3.24107642
184713589.11255300,0.39349774,1.99146473,0.00000000,3.49822192,3.90255621
184714572.80932298,0.39349788,1.99146473,0.00000000,0.72022216,4.29700062
184715584.71687499,0.39349752,1.99146434,0.00000000,0.87455548,4.54832803
184716578.40775999,0.39349768,1.99146306,0.00000000,4.68144404,5.14872129
184717591.20734298,0.39349740,1.99146225,0.00000000,4.37277740,4.77347550
184718661.80926898,0.39349745,1.99146082,0.00000000,6.32766612,4.77173017
184719587.28874800,0.39349731,1.99145981,0.00000000,6.58488832,4.75253155
184720584.55682099,0.39349725,1.99145882,0.00000000,6.12188836,4.75602221
184721578.69343498,0.39349713,1.99145804,0.00000000,5.24733288,4.70191700
184722584.30431998,0.39349703,1.99145727,0.00000000,4.52711072,4.63559449
184723588.25655898,0.39349663,1.99145621,0.00000000,4.99011068,4.39299373
184724584.24760100,0.39349633,1.99145522,0.00000000,4.78433292,4.44360828
184725573.27280799,0.39349548,1.99145419,0.00000000,5.50455508,4.13643033
184726585.94577700,0.39349431,1.99145347,0.00000000,5.09299956,3.82227106
184727608.60077599,0.39349347,1.99145315,0.00000000,4.73288848,3.67740873
184728572.47671399,0.39349228,1.99145292,0.00000000,6.07044392,3.29169097
184729569.20801499,0.39349139,1.99145289,0.00000000,5.91611060,3.28645498
184730579.37525401,0.39349023,1.99145283,0.00000000,6.63633276,3.22885912
184731591.38968098,0.39348912,1.99145326,0.00000000,5.50455508,3.11017673
184732584.59650400,0.39348849,1.99145333,0.00000000,4.78433292,3.10319541
184733581.52967998,0.39348776,1.99145353,0.00000000,4.47566628,3.51683844
184734591.38598198,0.39348743,1.99145286,0.00000000,3.44677748,4.09454243
184735585.50316900,0.39348716,1.99145228,0.00000000,4.47566628,4.52040276
184736571.12650198,0.39348731,1.99145109,0.00000000,6.32766612,4.70191700
184737573.65384600,0.39348743,1.99144997,0.00000000,7.30511048,4.66351976
184738578.29629299,0.39348746,1.99144858,0.00000000,8.12822152,4.67399174
184739593.31446999,0.39348738,1.99144704,0.00000000,8.28255484,4.70366233
184740588.01853198,0.39348735,1.99144564,0.00000000,8.02533264,4.67399174
184741579.57608399,0.39348727,1.99144425,0.00000000,7.76811044,4.67050108
184742584.35306200,0.39348726,1.99144350,0.00000000,5.86466616,4.75602221
184743593.88451999,0.39348721,1.99144277,0.00000000,4.42422184,4.94800843
184744615.31748900,0.39348738,1.99144209,0.00000000,3.75544412,5.08414411
184745576.53097799,0.39348756,1.99144162,0.00000000,3.60111080,5.40353936
184746596.79780000,0.39348802,1.99144121,0.00000000,4.62999960,5.77354917
184747592.11436298,0.39348899,1.99144103,0.00000000,6.01899948,6.05454718
184748578.27649799,0.39349022,1.99144094,0.00000000,7.25366604,6.12086969
184749582.24701798,0.39349176,1.99144089,0.00000000,8.64266592,6.20464549
184750583.49503899,0.39349325,1.99144083,0.00000000,9.46577696,6.22558944
184751580.10055900,0.39349481,1.99144075,0.00000000,9.72299916,6.24129741
184752623.43514198,0.39349630,1.99144069,0.00000000,9.51722140,6.24827872
184753607.49581900,0.39349763,1.99144067,0.00000000,9.31144364,6.27445866
184754578.52415198,0.39349902,1.99144067,0.00000000,9.10566588,6.27620399
184755582.50191200,0.39350045,1.99144072,0.00000000,8.79699924,6.27794932
184756586.13743198,0.39350200,1.99144076,0.00000000,8.89988812,6.27620399
184757576.14180699,0.39350345,1.99144081,0.00000000,9.20855476,6.27271333
184758578.39378500,0.39350489,1.99144088,0.00000000,9.46577696,6.28143998
184759586.12576398,0.39350637,1.99144074,0.00000000,9.51722140,6.25526004
184760587.53206599,0.39350774,1.99144070,0.00000000,9.36288808,6.27271333
184761576.86576298,0.39350916,1.99144056,0.00000000,9.20855476,6.25700537
184762583.11685699,0.39351052,1.99144054,0.00000000,9.20855476,6.27096800
184763592.95164800,0.39351189,1.99144056,0.00000000,9.20855476,0.01745329
184764587.56784600,0.39351327,1.99144064,0.00000000,9.15711032,0.03141593
184765583.36112699,0.39351467,1.99144064,0.00000000,9.05422144,0.01745329
184766585.21419898,0.39351606,1.99144067,0.00000000,8.84844368,0.00174533
184767579.77430299,0.39351735,1.99144074,0.00000000,8.53977704,1000.00000000
184768592.62643799,0.39351863,1.99144078,0.00000000,8.33399928,6.27794932
184769592.74034399,0.39351993,1.99144085,0.00000000,7.66522156,6.27271333
184770601.11378101,0.39352094,1.99144085,0.00000000,6.27622168,6.27794932
184771584.09294701,0.39352200,1.99144080,0.00000000,6.07044392,6.28143998
184772585.08414498,0.39352278,1.99144072,0.00000000,4.78433292,0.01570796
184773588.42758200,0.39352349,1.99144068,0.00000000,4.11555520,0.02967060
184774584.42690399,0.39352411,1.99144076,0.00000000,3.96122188,0.07853982
184775584.47419599,0.39352472,1.99144092,0.00000000,3.80688856,0.16057029
184776584.80320600,0.39352531,1.99144103,0.00000000,3.70399968,0.14660766
184777578.88961199,0.39352571,1.99144114,0.00000000,2.82944420,0.15882496
184778586.84622598,0.39352614,1.99144126,0.00000000,2.46933312,0.14311700
184779586.13883001,0.39352652,1.99144136,0.00000000,2.21211092,0.11693706
184780588.64372498,0.39352693,1.99144145,0.00000000,2.26355536,0.04712389
184781577.26122499,0.39352734,1.99144152,0.00000000,2.62366644,0.01570796
184782588.35887998,0.39352778,1.99144157,0.00000000,2.82944420,0.06108652
184783592.55289099,0.39352822,1.99144160,0.00000000,2.72655532,0.12217305
184784609.06247300,0.39352859,1.99144167,0.00000000,2.31499980,0.24434610
184785573.92596298,0.39352892,1.99144181,0.00000000,2.46933312,0.41364303
184786590.70742100,0.39352932,1.99144204,0.00000000,3.60111080,0.53756141
184787570.09283701,0.39352985,1.99144244,0.00000000,4.62999960,0.66671577
184788581.43387800,0.39353058,1.99144314,0.00000000,5.91611060,0.75049158
184789580.94268000,0.39353135,1.99144405,0.00000000,6.68777720,0.83775804
184790577.88559598,0.39353216,1.99144512,0.00000000,7.71666600,0.89011792
184791588.00658500,0.39353297,1.99144617,0.00000000,8.02533264,0.90058989
184792584.28293899,0.39353374,1.99144744,0.00000000,8.48833260,0.93200582
184793581.10038698,0.39353449,1.99144861,0.00000000,8.33399928,0.97563905
184794585.18205300,0.39353532,1.99144976,0.00000000,8.23111040,0.94422313
184795578.72408399,0.39353609,1.99145081,0.00000000,8.17966596,0.89186325
184796613.93830198,0.39353674,1.99145199,0.00000000,8.23111040,0.89709924
184797582.93225998,0.39353744,1.99145313,0.00000000,8.33399928,0.89360858
184798593.38705099,0.39353810,1.99145421,0.00000000,7.87099932,0.87266463
184799580.83064499,0.39353873,1.99145519,0.00000000,7.15077716,0.84124870
184800579.26132199,0.39353931,1.99145595,0.00000000,5.86466616,0.85695666
184801588.34079999,0.39353976,1.99145659,0.00000000,4.78433292,0.85521133
184802584.85501900,0.39354013,1.99145680,0.00000000,2.62366644,0.86393798
184803574.38413298,0.39354023,1.99145685,0.00000000,0.92599992,0.88313660
184804581.68069500,0.39354035,1.99145695,0.00000000,1.02888880,0.89186325
184805580.33053800,0.39354051,1.99145713,0.00000000,1.23466656,0.91978852
184806576.37777799,0.39354063,1.99145732,0.00000000,1.44044432,0.96691241
184807582.16808999,0.39354083,1.99145756,0.00000000,1.85199984,0.96691241
184808591.60939100,0.39354122,1.99145791,0.00000000,2.88088864,0.93724181
184809619.83522400,0.39354164,1.99145826,0.00000000,3.08666640,0.95120444
184810589.47720298,0.39354184,1.99145864,0.00000000,2.67511088,1.16937060
184811574.68657801,0.39354192,1.99145899,0.00000000,2.10922204,1.51494579
184812586.85985899,0.39354183,1.99145938,0.00000000,2.57222200,2.00887397
184813585.20746198,0.39354146,1.99145975,0.00000000,3.70399968,2.53596340
184814576.61298299,0.39354080,1.99146003,0.00000000,4.83577736,2.84139602
184815587.12407598,0.39354009,1.99146021,0.00000000,4.32133296,2.88153860
184816592.56121099,0.39353924,1.99146013,0.00000000,5.19588844,2.88502925
184817590.56501299,0.39353776,1.99146028,0.00000000,7.81955488,2.96705973
184818591.56287700,0.39353643,1.99146039,0.00000000,8.69411036,2.99498500
184819574.79954299,0.39353513,1.99146045,0.00000000,8.48833260,3.01941961
184820577.42011598,0.39353384,1.99146049,0.00000000,8.23111040,3.02465559
184821590.35834500,0.39353253,1.99146054,0.00000000,8.74555480,3.03687290
184822584.78886500,0.39353122,1.99146064,0.00000000,8.33399928,3.07352481
184823612.16886500,0.39353010,1.99146068,0.00000000,7.76811044,3.09621409
184824572.26157299,0.39352892,1.99146067,0.00000000,6.84211052,3.13112068
184825590.03829098,0.39352807,1.99146065,0.00000000,5.45311064,3.00371164
184826588.79818699,0.39352740,1.99146086,0.00000000,4.42422184,2.92517183
184827580.90417600,0.39352673,1.99146114,0.00000000,4.52711072,2.82568806
184828584.57839400,0.39352586,1.99146136,0.00000000,5.76177728,2.83616003
184829592.84969598,0.39352496,1.99146158,0.00000000,6.32766612,2.86059464
184830586.33381000,0.39352383,1.99146169,0.00000000,7.40799936,2.96182374
184831569.45401800,0.39352254,1.99146189,0.00000000,8.43688816,2.97578637
184832578.91849700,0.39352116,1.99146211,0.00000000,8.69411036,2.99323967
184833590.15229899,0.39351982,1.99146225,0.00000000,8.64266592,3.01243829
184834595.34729800,0.39351853,1.99146228,0.00000000,7.97388820,3.07876080
184835571.37724599,0.39351758,1.99146229,0.00000000,6.17333280,3.03861823
184836585.18021399,0.39351683,1.99146237,0.00000000,4.68144404,3.03338224
184837586.11047399,0.39351639,1.99146248,0.00000000,3.03522196,2.96705973
184838586.15615100,0.39351609,1.99146251,0.00000000,1.74911096,2.93389847
184839582.10083801,0.39351602,1.99146252,0.00000000,0.66877772,2.92517183
184840585.75776500,0.39351590,1.99146250,0.00000000,0.41155552,2.93040781
184841583.06635800,0.39351583,1.99146245,0.00000000,0.46299996,2.93913446
184842584.39291999,0.39351567,1.99146241,0.00000000,0.51444440,2.94611578
184843583.27458599,0.39351559,1.99146238,0.00000000,0.36011108,2.94786111
184844676.19890898,0.39351549,1.99146245,0.00000000,0.56588884,2.94960644
184845585.82567900,0.39351539,1.99146243,0.00000000,0.66877772,2.96007841
184846583.47395998,0.39351526,1.99146246,0.00000000,0.87455548,2.95658775
184847596.46713698,0.39351507,1.99146248,0.00000000,1.44044432,2.93215314
184848597.19630298,0.39351484,1.99146249,0.00000000,1.33755544,2.89724656
184849597.76859400,0.39351460,1.99146252,0.00000000,1.64622208,2.86408530
184850584.40364599,0.39351422,1.99146258,0.00000000,2.77799976,2.89724656
184851579.44963500,0.39351373,1.99146265,0.00000000,3.18955528,2.92517183
184852613.27354100,0.39351317,1.99146271,0.00000000,3.44677748,2.99498500
184853593.28499898,0.39351248,1.99146276,0.00000000,4.42422184,3.06479817
184854583.66577998,0.39351072,1.99146273,0.00000000,6.48199944,3.09272343
184855579.44036299,0.39350956,1.99146269,0.00000000,6.94499940,3.13461134
184856590.50708100,0.39350827,1.99146270,0.00000000,7.56233268,3.15555529
184857587.52041399,0.39350728,1.99146298,0.00000000,7.30511048,3.15031930
184858575.32645598,0.39350617,1.99146407,0.00000000,7.66522156,3.01592895
184859584.48603898,0.39350527,1.99146428,0.00000000,6.84211052,3.01243829
184860632.07202798,0.39350415,1.99146460,0.00000000,7.15077716,2.98102236
184861576.34556898,0.39350313,1.99146478,0.00000000,6.99644384,2.98625835
184862587.76827699,0.39350203,1.99146491,0.00000000,6.99644384,2.98625835
184863593.08353698,0.39350112,1.99146500,0.00000000,5.86466616,2.99498500
184864585.21233898,0.39350014,1.99146518,0.00000000,5.91611060,3.01243829
184865608.12983799,0.39349962,1.99146520,0.00000000,3.70399968,3.04909020
184866573.04197299,0.39349918,1.99146475,0.00000000,1.74911096,3.29169097
184867569.65686899,0.39349890,1.99146454,0.00000000,1.38899988,3.52731042
184868582.51014999,0.39349874,1.99146433,0.00000000,1.18322212,3.75943921
184869587.42577398,0.39349857,1.99146432,0.00000000,0.87455548,3.99505866
184870585.45728400,0.39349821,1.99146386,0.00000000,1.90344428,4.34936050
184871584.01754400,0.39349787,1.99146346,0.00000000,2.05777760,4.62337719
184872587.05379400,0.39349752,1.99146321,0.00000000,1.80055540,4.71762497
184873589.04165798,0.39349708,1.99146275,0.00000000,2.41788868,4.78743814
184874583.32764700,0.39349705,1.99146199,0.00000000,3.08666640,4.78918347
184875581.86941800,0.39349704,1.99146101,0.00000000,4.99011068,4.79791011
184876584.89545900,0.39349690,1.99145975,0.00000000,4.99011068,4.78394748
184877588.52957299,0.39349682,1.99145871,0.00000000,5.40166620,4.71587964
184878578.40165600,0.39349660,1.99145788,0.00000000,4.57855516,4.63908515
184879575.33821800,0.39349637,1.99145713,0.00000000,4.32133296,4.57450797
184880593.56405100,0.39349601,1.99145615,0.00000000,5.14444400,4.48724151
184881607.67149898,0.39349562,1.99145451,0.00000000,6.84211052,4.55007336
184882579.36212400,0.39349475,1.99145393,0.00000000,4.47566628,3.70533400
184883583.88889399,0.39349366,1.99145352,0.00000000,5.29877732,3.54999970
184884585.00696698,0.39349313,1.99145316,0.00000000,4.06411076,3.35103216
184885592.24186200,0.39349239,1.99145313,0.00000000,4.21844408,3.35801348
184886589.74232998,0.39349159,1.99145306,0.00000000,4.37277740,3.27423768
184887595.32982999,0.39349001,1.99145289,0.00000000,6.73922164,3.20442451
184888581.75076699,0.39348890,1.99145316,0.00000000,6.37911056,3.11890337
184889581.77665198,0.39348813,1.99145339,0.00000000,5.50455508,3.39292007
184890581.24722499,0.39348799,1.99145314,0.00000000,2.41788868,3.84146968
184891592.38394299,0.39348771,1.99145259,0.00000000,3.90977744,4.32143523
184892588.51691100,0.39348754,1.99145125,0.00000000,5.86466616,4.69668102
184893577.31050500,0.39348748,1.99145017,0.00000000,6.48199944,4.71064365
184894592.14472300,0.39348749,1.99144902,0.00000000,7.35655492,4.74904089
184895571.15164998,0.39348747,1.99144754,0.00000000,8.02533264,4.72984227
184896580.12852401,0.39348753,1.99144609,0.00000000,8.64266592,4.72984227
184897581.12316000,0.39348754,1.99144474,0.00000000,7.87099932,4.72460629
184898577.75039899,0.39348746,1.99144358,0.00000000,7.09933272,4.79092880
184899592.29425198,0.39348744,1.99144268,0.00000000,5.55599952,4.86074197
184900584.37998098,0.39348746,1.99144202,0.00000000,4.78433292,4.96022573
184901590.15612701,0.39348803,1.99144142,0.00000000,4.99011068,5.56760031
184902587.06024098,0.39348890,1.99144113,0.00000000,5.76177728,6.01265927
184903588.52633399,0.39348995,1.99144111,0.00000000,6.58488832,6.18021088
184904578.20268798,0.39349116,1.99144103,0.00000000,7.35655492,6.22384411
184905585.74675000,0.39349248,1.99144107,0.00000000,8.07677708,6.24827872
184906579.63997900,0.39349391,1.99144109,0.00000000,9.10566588,6.25700537
184907580.33997899,0.39349525,1.99144094,0.00000000,9.31144364,6.25176938
184908584.64107201,0.39349660,1.99144095,0.00000000,8.84844368,6.25176938
184909585.91612399,0.39349776,1.99144086,0.00000000,8.07677708,6.26049603
184910591.61445698,0.39349886,1.99144089,0.00000000,7.20222160,6.27271333
184911591.05956000,0.39349977,1.99144098,0.00000000,5.71033284,6.26747734
184912623.26877898,0.39350045,1.99144098,0.00000000,4.11555520,6.25351471
184913579.50476798,0.39350080,1.99144102,0.00000000,2.46933312,6.25176938
184914577.95935100,0.39350093,1.99144108,0.00000000,0.82311104,6.25176938
184915586.58669400,0.39350090,1.99144116,0.00000000,0.00000000,1000.00000000
184916584.13784000,0.39350089,1.99144122,0.00000000,0.15433332,6.25526004
184917584.43987098,0.39350086,1.99144120,0.00000000,0.00000000,1000.00000000
184918591.31882900,0.39350098,1.99144128,0.00000000,0.36011108,6.26049603
184919590.79736999,0.39350111,1.99144136,0.00000000,0.56588884,6.26224136
184920587.23762998,0.39350138,1.99144148,0.00000000,0.82311104,6.27271333
184921572.40450498,0.39350183,1.99144148,0.00000000,2.10922204,6.28143998
184922610.57861900,0.39350245,1.99144162,0.00000000,3.80688856,0.00523599
184923605.16502500,0.39350333,1.99144168,0.00000000,5.04155512,6.25875070
184924589.80903500,0.39350425,1.99144173,0.00000000,6.32766612,6.25700537
184925576.88153398,0.39350525,1.99144180,0.00000000,6.79066608,6.27445866
184926615.13596100,0.39350625,1.99144186,0.00000000,6.73922164,0.03141593
184927583.80408600,0.39350722,1.99144169,0.00000000,6.58488832,0.01221730
184928582.62398100,0.39350810,1.99144162,0.00000000,6.22477724,6.16799358
184929611.01179299,0.39350901,1.99144136,0.00000000,6.17333280,6.15228561
184930576.51887599,0.39350993,1.99144127,0.00000000,6.22477724,6.19417352
184931583.53835499,0.39351102,1.99144124,0.00000000,7.15077716,6.25875070
184932613.49767700,0.39351217,1.99144120,0.00000000,7.40799936,0.00349066
184933587.61892700,0.39351336,1.99144117,0.00000000,7.87099932,6.27969465
184934583.83215600,0.39351460,1.99144127,0.00000000,7.66522156,6.27445866
184935604.32574898,0.39351574,1.99144127,0.00000000,7.40799936,6.26573201
184936584.07955098,0.39351685,1.99144127,0.00000000,7.45944380,6.25875070
184937575.79611298,0.39351807,1.99144134,0.00000000,7.35655492,6.26049603
184938612.40408099,0.39351922,1.99144132,0.00000000,7.71666600,6.26922267
184939578.66116399,0.39352053,1.99144136,0.00000000,7.66522156,0.01221730
184940585.45569500,0.39352190,1.99144129,0.00000000,7.76811044,0.02967060
184941612.06866398,0.39352316,1.99144131,0.00000000,7.40799936,0.04014257
184942594.23199698,0.39352410,1.99144144,0.00000000,6.12188836,0.08203047
184943593.56538200,0.39352490,1.99144154,0.00000000,4.88722180,0.16580628
184944608.80569398,0.39352563,1.99144154,0.00000000,3.96122188,0.10122910
184945573.07657900,0.39352616,1.99144156,0.00000000,2.72655532,6.27271333
184946576.03746399,0.39352657,1.99144159,0.00000000,2.72655532,6.16275759
184947616.34694299,0.39352703,1.99144156,0.00000000,2.98377752,6.15577627
184948582.06329599,0.39352763,1.99144157,0.00000000,3.44677748,6.23431609
184949582.21949399,0.39352809,1.99144162,0.00000000,3.49822192,0.21991149
184950586.34173298,0.39352862,1.99144182,0.00000000,3.65255524,0.33684855
184951580.01688901,0.39352905,1.99144211,0.00000000,3.49822192,0.62657320
184952588.01605499,0.39352956,1.99144263,0.00000000,4.32133296,0.69464104
184953574.71407598,0.39353029,1.99144323,0.00000000,5.65888840,0.76969020
184954587.27730399,0.39353093,1.99144415,0.00000000,6.27622168,0.86393798
184955580.61433500,0.39353169,1.99144497,0.00000000,6.37911056,0.79063415
184956587.97829300,0.39353233,1.99144590,0.00000000,6.32766612,0.91455253
184957574.42818898,0.39353291,1.99144683,0.00000000,6.43055500,0.88662726
184958576.69573998,0.39353363,1.99144775,0.00000000,6.89355496,0.85346600
184959568.96376100,0.39353445,1.99144858,0.00000000,7.25366604,0.87440996
184960582.62886500,0.39353529,1.99144973,0.00000000,8.23111040,0.87790061
184961582.35719800,0.39353604,1.99145092,0.00000000,8.48833260,0.84823002
184962594.16584298,0.39353683,1.99145200,0.00000000,8.17966596,0.84648469
184963589.16500899,0.39353768,1.99145294,0.00000000,8.02533264,0.83601271
184964576.21636298,0.39353828,1.99145392,0.00000000,7.30511048,0.78888882
184965576.13990399,0.39353870,1.99145469,0.00000000,5.60744396,0.79936080
184966579.76589400,0.39353898,1.99145521,0.00000000,3.85833300,0.76096355
184967616.93193498,0.39353924,1.99145571,0.00000000,3.54966636,0.81157810
184968581.59182999,0.39353942,1.99145616,0.00000000,2.46933312,0.88139127
184969585.17828798,0.39353951,1.99145642,0.00000000,1.59477764,0.95818576
184970575.12740299,0.39353960,1.99145662,0.00000000,1.38899988,1.00530965
184971590.36537099,0.39353957,1.99145677,0.00000000,0.66877772,1.03672558
184972591.68010998,0.39353964,1.99145670,0.00000000,0.25722220,1.04545222
184973620.99037001,0.39353967,1.99145675,0.00000000,0.00000000,1000.00000000
184974586.00703600,0.39353973,1.99145671,0.00000000,0.00000000,1000.00000000
184975581.12823400,0.39353981,1.99145666,0.00000000,0.00000000,1000.00000000
184976594.20229599,0.39353983,1.99145664,0.00000000,0.25722220,1.03672558
184977579.59000400,0.39353983,1.99145678,0.00000000,0.30866664,1.04545222
184978584.25594100,0.39353995,1.99145690,0.00000000,0.61733328,1.04894288
184979580.42448199,0.39354000,1.99145703,0.00000000,0.92599992,1.04021623
184980588.64177400,0.39354011,1.99145724,0.00000000,1.74911096,1.02799893
184981605.27411699,0.39354027,1.99145754,0.00000000,1.95488872,1.02276294
184982581.56489798,0.39354040,1.99145770,0.00000000,0.82311104,0.98611103
184983585.54531398,0.39354052,1.99145779,0.00000000,0.97744436,0.86568331
184984584.17166799,0.39354069,1.99145792,0.00000000,1.59477764,0.75223691
184985576.37770900,0.39354090,1.99145810,0.00000000,1.85199984,0.76794487
184986589.24416700,0.39354113,1.99145833,0.00000000,2.10922204,0.96342175
184987586.18604198,0.39354132,1.99145862,0.00000000,2.00633316,1.31946891
184988610.49557298,0.39354136,1.99145897,0.00000000,2.41788868,1.82735973
184989569.52536398,0.39354117,1.99145942,0.00000000,3.49822192,2.23053078
184990580.54286399,0.39354074,1.99145984,0.00000000,4.01266632,2.59181394
184991612.50213400,0.39354001,1.99145999,0.00000000,5.14444400,2.87281195
184992576.94926900,0.39353898,1.99146006,0.00000000,6.68777720,3.01069296
184993588.68291500,0.39353801,1.99146007,0.00000000,7.09933272,2.99673033
184994574.22025800,0.39353693,1.99146019,0.00000000,7.35655492,2.98276769
184995575.79681998,0.39353615,1.99146024,0.00000000,6.12188836,2.97927703
184996585.07551798,0.39353520,1.99146019,0.00000000,6.58488832,2.94611578
184997577.36536101,0.39353405,1.99146033,0.00000000,6.89355496,2.95484242
184998582.32760000,0.39353298,1.99146059,0.00000000,6.79066608,2.91993584
184999588.56114098,0.39353184,1.99146063,0.00000000,7.04788828,3.01592895
185000580.51869300,0.39353071,1.99146064,0.00000000,6.94499940,3.06305284
185001582.00739101,0.39352959,1.99146068,0.00000000,7.45944380,3.08050613
185002589.93160900,0.39352828,1.99146083,0.00000000,8.12822152,3.05607152
185003582.52249399,0.39352697,1.99146098,0.00000000,8.17966596,3.04385422
185004582.34874400,0.39352581,1.99146120,0.00000000,8.17966596,3.01592895
185005575.07421198,0.39352450,1.99146142,0.00000000,8.28255484,2.98451302
185006580.75108698,0.39352319,1.99146158,0.00000000,8.28255484,2.99323967
185007596.21014899,0.39352183,1.99146179,0.00000000,8.59122148,2.99847565
185008584.15436700,0.39352057,1.99146192,0.00000000,8.28255484,2.99673033
185009577.89717898,0.39351918,1.99146212,0.00000000,8.89988812,2.98102236
185010599.66118899,0.39351771,1.99146245,0.00000000,9.00277700,2.96356907
185011587.91676199,0.39351629,1.99146268,0.00000000,9.00277700,2.95135177
185012581.83728200,0.39351468,1.99146291,0.00000000,10.03166580,2.95135177
185013583.77379200,0.39351356,1.99146288,0.00000000,7.87099932,2.98102236
185014587.44045898,0.39351235,1.99146302,0.00000000,7.51088824,2.98800368
185015582.23868698,0.39351071,1.99146317,0.00000000,9.05422144,3.01243829
185016581.09191599,0.39350904,1.99146340,0.00000000,9.20855476,3.04559954
185017578.72176000,0.39350786,1.99146369,0.00000000,7.92244376,2.99498500
185018581.64785299,0.39350683,1.99146415,0.00000000,7.81955488,2.91993584
185019595.45623800,0.39350597,1.99146465,0.00000000,6.37911056,2.83965069
185020587.23722699,0.39350561,1.99146484,0.00000000,3.49822192,2.77681884
185021574.22967499,0.39350503,1.99146507,0.00000000,3.34388860,2.79427213
185022575.67727900,0.39350443,1.99146533,0.00000000,4.37277740,2.89201057
185023583.30654898,0.39350360,1.99146520,0.00000000,5.29877732,3.00022098
185024586.84118399,0.39350271,1.99146552,0.00000000,5.60744396,3.00022098
185025578.96410000,0.39350204,1.99146554,0.00000000,4.52711072,3.02116494
185026580.44097498,0.39350141,1.99146565,0.00000000,3.85833300,3.01941961
185027574.24462000,0.39350093,1.99146569,0.00000000,2.88088864,3.01941961
185028577.48904699,0.39350070,1.99146568,0.00000000,1.85199984,3.03338224
185029578.37816098,0.39350129,1.99146599,0.00000000,2.10922204,0.79587014
185030578.59972298,0.39350154,1.99146614,0.00000000,3.03522196,0.65798913
185031586.50508800,0.39350160,1.99146634,0.00000000,2.26355536,0.86917397
185032575.59404600,0.39350041,1.99146637,0.00000000,3.39533304,2.90946386
185033585.29743099,0.39349938,1.99146595,0.00000000,3.65255524,2.84663201
185034584.73519099,0.39349850,1.99146574,0.00000000,3.85833300,3.12239403
185035615.49112800,0.39349808,1.99146565,0.00000000,2.26355536,3.45226126
185036578.22055399,0.39349817,1.99146518,0.00000000,2.93233308,3.79783645
185037585.19081399,0.39349816,1.99146450,0.00000000,3.60111080,4.04741854
185038584.78826198,0.39349828,1.99146370,0.00000000,4.57855516,5.08763477
185039589.16659498,0.39349852,1.99146234,0.00000000,5.09299956,4.99687765
185040586.03320900,0.39349884,1.99146112,0.00000000,6.53344388,5.09810675
185041585.30539599,0.39349900,1.99146003,0.00000000,6.68777720,5.05796417
185042583.80466700,0.39349896,1.99145921,0.00000000,4.93866624,4.99164166
185043575.29727000,0.39349825,1.99145871,0.00000000,4.11555520,4.72984227
185044603.78409299,0.39349810,1.99145803,0.00000000,3.49822192,4.69842635
185045575.68247798,0.39349773,1.99145764,0.00000000,2.62366644,4.58323462
185046574.36127999,0.39349737,1.99145727,0.00000000,2.57222200,4.38426708
185047581.37872699,0.39349706,1.99145680,0.00000000,2.67511088,4.39997504
185048587.48226899,0.39349679,1.99145601,0.00000000,3.44677748,4.11025039
185049578.28487200,0.39349596,1.99145525,0.00000000,3.54966636,4.11897703
185050584.97013199,0.39349506,1.99145459,0.00000000,3.70399968,3.88335759
185051585.69283998,0.39349418,1.99145422,0.00000000,4.37277740,3.39990138
185052584.51304799,0.39349345,1.99145402,0.00000000,4.47566628,3.26725636
185053579.09455800,0.39349268,1.99145393,0.00000000,4.88722180,3.13286601
185054608.63424498,0.39349189,1.99145391,0.00000000,4.73288848,3.07352481
185055590.74018300,0.39349086,1.99145367,0.00000000,5.60744396,3.09970475
185056581.37820300,0.39348983,1.99145380,0.00000000,6.32766612,3.06828883
185057582.89460900,0.39348884,1.99145397,0.00000000,5.45311064,3.09795942
185058580.78247300,0.39348825,1.99145412,0.00000000,3.54966636,3.02640092
185059584.95565000,0.39348801,1.99145416,0.00000000,2.16066648,3.07177948
185060584.18757698,0.39348808,1.99145417,0.00000000,0.72022216,3.11541271
185061581.90382600,0.39348803,1.99145428,0.00000000,0.36011108,3.13635667
185062584.65570098,0.39348809,1.99145430,0.00000000,0.30866664,3.15555529
185063580.88658598,0.39348816,1.99145442,0.00000000,0.56588884,3.17475391
185064594.93663698,0.39348809,1.99145455,0.00000000,0.30866664,3.19046187
185065588.71445000,0.39348795,1.99145465,0.00000000,0.61733328,3.20791517
185066569.91246998,0.39348770,1.99145467,0.00000000,0.72022216,3.24980307
185067581.48267800,0.39348765,1.99145469,0.00000000,0.46299996,3.31438025
185068587.10819799,0.39348765,1.99145480,0.00000000,0.00000000,1000.00000000
185069574.04106298,0.39348764,1.99145484,0.00000000,0.00000000,1000.00000000
185070575.10923898,0.39348762,1.99145481,0.00000000,0.25722220,3.04909020
185071574.26403099,0.39348761,1.99145473,0.00000000,0.41155552,3.04559954
185072585.38231200,0.39348753,1.99145466,0.00000000,0.77166660,3.21489648
185073586.09970698,0.39348734,1.99145449,0.00000000,1.85199984,3.48716785
185074580.48882100,0.39348711,1.99145423,0.00000000,1.74911096,3.67566340
185075575.90814400,0.39348692,1.99145371,0.00000000,3.34388860,4.11199572
185076588.85496598,0.39348722,1.99145173,0.00000000,5.14444400,4.39473906
185077578.99855998,0.39348741,1.99145032,0.00000000,7.45944380,4.73507826
185078584.52704901,0.39348743,1.99144885,0.00000000,8.12822152,4.73158760
185079581.90189201,0.39348742,1.99144727,0.00000000,8.53977704,4.69493569
185080613.40069398,0.39348738,1.99144580,0.00000000,7.81955488,4.64606647
185081578.88637099,0.39348723,1.99144451,0.00000000,6.94499940,4.63908515
185082576.99485999,0.39348719,1.99144349,0.00000000,5.71033284,4.82234472
185083593.06965098,0.39348727,1.99144266,0.00000000,4.32133296,4.92008316
185084579.48136899,0.39348733,1.99144202,0.00000000,4.01266632,5.05970950
185085607.86881700,0.39348795,1.99144162,0.00000000,4.52711072,5.64614013
185086576.00199398,0.39348871,1.99144135,0.00000000,5.45311064,6.00044197
185087580.22433698,0.39348967,1.99144128,0.00000000,6.32766612,6.22035345
185088594.93214899,0.39349078,1.99144120,0.00000000,6.99644384,6.17846555
185089613.84287798,0.39349220,1.99144121,0.00000000,8.23111040,6.27794932
185090579.13824201,0.39349369,1.99144103,0.00000000,9.05422144,6.21511747
185091581.62485600,0.39349504,1.99144090,0.00000000,9.10566588,6.19766417
185092591.50574100,0.39349631,1.99144095,0.00000000,8.43688816,6.21337214
185093573.96839699,0.39349758,1.99144096,0.00000000,8.07677708,6.21511747
185094587.42579299,0.39349871,1.99144092,0.00000000,7.04788828,6.23082543
185095575.06756300,0.39349959,1.99144091,0.00000000,5.76177728,6.22384411
185096578.73459399,0.39350038,1.99144095,0.00000000,4.52711072,6.23257076
185097580.63303098,0.39350089,1.99144083,0.00000000,3.18955528,6.19940950
185098594.32063499,0.39350105,1.99144080,0.00000000,1.69766652,6.23082543
185099584.51224899,0.39350137,1.99144090,0.00000000,2.10922204,6.24304273
185100602.09308198,0.39350198,1.99144090,0.00000000,3.34388860,6.23606142
185101586.70584199,0.39350273,1.99144092,0.00000000,4.78433292,6.23431609
185102584.68641499,0.39350370,1.99144085,0.00000000,5.65888840,6.21860812
185103586.50844598,0.39350453,1.99144081,0.00000000,5.65888840,6.24478806
185104586.00766400,0.39350546,1.99144078,0.00000000,6.17333280,6.25002405
185105584.86297598,0.39350649,1.99144089,0.00000000,6.79066608,0.00698132
185106589.08932999,0.39350762,1.99144094,0.00000000,7.20222160,6.27794932
185107582.91688100,0.39350873,1.99144073,0.00000000,7.30511048,6.24653339
185108575.39797500,0.39350991,1.99144074,0.00000000,7.81955488,6.25176938
185109586.87563100,0.39351113,1.99144073,0.00000000,8.23111040,6.27620399
185110584.55125499,0.39351254,1.99144069,0.00000000,8.95133256,6.27969465
185111578.42042199,0.39351388,1.99144059,0.00000000,8.74555480,6.27271333
185112578.79000500,0.39351517,1.99144060,0.00000000,8.43688816,6.26049603
185113581.62932700,0.39351629,1.99144066,0.00000000,7.25366604,6.21337214
185114591.42573300,0.39351720,1.99144065,0.00000000,5.91611060,6.21162681
185115587.28312799,0.39351805,1.99144062,0.00000000,5.50455508,6.21337214
185116587.73781601,0.39351901,1.99144076,0.00000000,6.17333280,0.00349066
185117610.43505499,0.39352031,1.99144068,0.00000000,7.76811044,0.02094395
185118587.01385599,0.39352180,1.99144069,0.00000000,8.23111040,0.02443461
185119594.40312698,0.39352344,1.99144075,0.00000000,8.79699924,0.02792527
185120589.04140800,0.39352497,1.99144093,0.00000000,8.74555480,0.04886922
185121569.50312600,0.39352632,1.99144123,0.00000000,8.23111040,0.08552113
185122576.62328199,0.39352764,1.99144151,0.00000000,7.76811044,0.21991149
185123591.20822999,0.39352866,1.99144197,0.00000000,7.35655492,0.48520153
185124581.55505198,0.39352955,1.99144259,0.00000000,7.20222160,0.65449847
185125578.06999999,0.39353049,1.99144344,0.00000000,7.76811044,0.82554074
185126583.89177001,0.39353134,1.99144452,0.00000000,8.33399928,0.85695666
185127578.33052000,0.39353210,1.99144561,0.00000000,7.87099932,0.88662726
185128575.55161300,0.39353309,1.99144684,0.00000000,9.36288808,0.86044732
185129576.97525901,0.39353398,1.99144791,0.00000000,9.51722140,0.73129296
185130578.18301898,0.39353483,1.99144918,0.00000000,9.51722140,0.86742864
185131580.76760200,0.39353575,1.99145054,0.00000000,9.87733248,0.88139127
185132602.26864299,0.39353674,1.99145184,0.00000000,9.62011028,0.87790061
185133571.99473599,0.39353770,1.99145307,0.00000000,9.31144364,0.87266463
185134578.90478799,0.39353860,1.99145423,0.00000000,8.84844368,0.86568331
185135582.93041199,0.39353923,1.99145530,0.00000000,7.81955488,0.86393798
185136576.74150598,0.39353985,1.99145644,0.00000000,7.35655492,0.89535391
185137589.19213000,0.39354038,1.99145707,0.00000000,5.76177728,1.03847090
185138625.90629700,0.39354080,1.99145798,0.00000000,5.76177728,1.25140107
185139583.40056700,0.39354078,1.99145851,0.00000000,3.96122188,1.44862328
185140577.16952500,0.39354060,1.99145897,0.00000000,3.24099972,1.96524074
185141586.65515000,0.39354025,1.99145930,0.00000000,3.75544412,2.21307749
185142583.98749298,0.39353978,1.99145972,0.00000000,3.90977744,2.65639112
185143580.53056598,0.39353916,1.99145992,0.00000000,4.47566628,2.94611578
185144583.77129400,0.39353824,1.99145997,0.00000000,6.22477724,3.01941961
185145592.32171100,0.39353725,1.99146012,0.00000000,7.09933272,2.96880506
185146583.62848100,0.39353609,1.99146025,0.00000000,7.61377712,3.00022098
185147588.16285598,0.39353483,1.99146036,0.00000000,8.48833260,3.00196631
185148576.14316800,0.39353344,1.99146043,0.00000000,9.15711032,3.03338224
185149576.51311499,0.39353178,1.99146056,0.00000000,9.67155472,3.03163691
185150585.19832298,0.39353025,1.99146070,0.00000000,9.82588804,3.02814625
185151578.06441700,0.39352887,1.99146094,0.00000000,9.56866584,2.98800368
185152584.91061398,0.39352750,1.99146123,0.00000000,8.84844368,2.91819051
185153577.83644700,0.39352623,1.99146146,0.00000000,8.43688816,2.97055039
185154571.67186400,0.39352484,1.99146162,0.00000000,8.64266592,3.00720230
185155578.22634199,0.39352342,1.99146169,0.00000000,8.79699924,3.06130751
185156578.08358198,0.39352219,1.99146180,0.00000000,8.38544372,3.05607152
185157587.32399800,0.39352094,1.99146198,0.00000000,8.23111040,3.03163691
185158578.20212200,0.39351942,1.99146217,0.00000000,9.46577696,3.02640092
185159582.08884099,0.39351811,1.99146252,0.00000000,9.00277700,2.98451302
185160581.01441300,0.39351680,1.99146277,0.00000000,8.74555480,2.96182374
185161586.89180899,0.39351530,1.99146307,0.00000000,8.79699924,2.94611578
185162580.08748600,0.39351391,1.99146335,0.00000000,8.53977704,2.91993584
185163582.45821398,0.39351275,1.99146358,0.00000000,7.92244376,2.91993584
185164580.25956801,0.39351220,1.99146365,0.00000000,5.91611060,2.93040781
185165579.81503600,0.39351160,1.99146362,0.00000000,4.78433292,2.94960644
185166577.29118198,0.39351091,1.99146365,0.00000000,4.26988852,2.96007841
185167580.11107698,0.39351026,1.99146375,0.00000000,4.32133296,3.00545697
185168584.80607700,0.39350956,1.99146383,0.00000000,4.32133296,3.02116494
185169604.67341998,0.39350905,1.99146397,0.00000000,3.85833300,3.02116494
185170579.96711800,0.39350871,1.99146402,0.00000000,3.44677748,3.02291026
185171586.16987801,0.39350875,1.99146402,0.00000000,2.00633316,3.04036356
185172577.89607498,0.39350799,1.99146404,0.00000000,3.18955528,3.11017673
185173585.75211698,0.39350698,1.99146428,0.00000000,3.54966636,3.18522588
185174589.09216800,0.39350625,1.99146444,0.00000000,4.42422184,3.12064870
185175578.67039698,0.39350544,1.99146459,0.00000000,4.26988852,3.05781685
185176584.99737599,0.39350484,1.99146472,0.00000000,3.49822192,2.99847565
185177582.90175098,0.39350433,1.99146488,0.00000000,2.93233308,2.94611578
185178573.17758399,0.39350395,1.99146501,0.00000000,2.05777760,2.91295452
185179587.21305200,0.39350368,1.99146513,0.00000000,1.59477764,2.90248255
185180572.86466599,0.39350345,1.99146525,0.00000000,1.69766652,2.92342650
185181580.55831200,0.39350305,1.99146540,0.00000000,2.98377752,2.95135177
185182618.70388401,0.39350246,1.99146555,0.00000000,3.85833300,2.98276769
185183580.50711298,0.39350184,1.99146568,0.00000000,3.54966636,2.97578637
185184583.90945598,0.39350116,1.99146582,0.00000000,4.01266632,2.96705973
185185581.75862300,0.39350074,1.99146590,0.00000000,1.69766652,2.95658775
185186575.46956000,0.39350031,1.99146598,0.00000000,2.82944420,2.96705973
185187588.11028799,0.39349973,1.99146604,0.00000000,3.03522196,3.06828883
185188573.06320500,0.39349914,1.99146599,0.00000000,2.36644424,3.27423768
185189589.60523599,0.39349872,1.99146588,0.00000000,1.49188876,3.54825437
185190586.64539099,0.39349839,1.99146573,0.00000000,1.44044432,3.82401639
185191576.70289099,0.39349813,1.99146555,0.00000000,1.28611100,4.09279710
185192576.98997399,0.39349791,1.99146537,0.00000000,1.02888880,4.35110583
185193595.92757800,0.39349774,1.99146517,0.00000000,0.87455548,4.52738408
185194585.43804598,0.39349760,1.99146484,0.00000000,2.10922204,4.65653844
185195583.26184800,0.39349746,1.99146439,0.00000000,1.90344428,4.74205958
185196577.45773301,0.39349736,1.99146384,0.00000000,2.72655532,4.78918347
185197585.44617000,0.39349727,1.99146307,0.00000000,4.06411076,4.77347550
185198581.54538798,0.39349720,1.99146224,0.00000000,3.65255524,4.75427688
185199585.66465899,0.39349712,1.99146136,0.00000000,4.37277740,4.73507826
185200583.18179399,0.39349707,1.99146060,0.00000000,2.72655532,4.72286096
185201581.53111598,0.39349703,1.99145998,0.00000000,2.67511088,4.72286096
185202587.09611601,0.39349699,1.99145939,0.00000000,2.46933312,4.71064365
185203581.81939700,0.39349693,1.99145880,0.00000000,2.77799976,4.66875575
185204607.81340700,0.39349678,1.99145811,0.00000000,3.39533304,4.53960138
185205587.14080200,0.39349651,1.99145740,0.00000000,3.34388860,4.37204978
185206569.35986498,0.39349613,1.99145673,0.00000000,3.24099972,4.20100751
185207585.78069800,0.39349574,1.99145613,0.00000000,3.13811084,4.01774794
185208585.21330100,0.39349527,1.99145562,0.00000000,2.88088864,3.83797903
185209583.43158200,0.39349480,1.99145521,0.00000000,2.46933312,3.68439005
185210612.21345699,0.39349432,1.99145488,0.00000000,2.26355536,3.53429174
185211585.77871698,0.39349376,1.99145458,0.00000000,2.98377752,3.37721210
185212586.23413301,0.39349311,1.99145432,0.00000000,3.54966636,3.26551103
185213582.75444499,0.39349259,1.99145410,0.00000000,1.90344428,3.20442451
185214574.43803900,0.39349239,1.99145398,0.00000000,0.36011108,3.13810200
185215587.04892400,0.39349221,1.99145386,0.00000000,1.13177768,3.10319541
185216579.46324599,0.39349209,1.99145377,0.00000000,0.25722220,3.07352481
185217581.50157899,0.39349202,1.99145369,0.00000000,0.46299996,3.04559954
185218573.10439098,0.39349185,1.99145360,0.00000000,1.02888880,3.08225146
185219576.12090099,0.39349175,1.99145352,0.00000000,0.00000000,1000.00000000
185220579.93095300,0.39349166,1.99145343,0.00000000,0.56588884,3.05781685
185221592.88517100,0.39349146,1.99145340,0.00000000,0.66877772,3.08225146
185222611.92881700,0.39349115,1.99145336,0.00000000,1.38899988,3.15904595
185223578.13511798,0.39349044,1.99145329,0.00000000,3.80688856,3.31438025
185224580.65225399,0.39348967,1.99145310,0.00000000,2.98377752,3.67217275
185225578.74464899,0.39348907,1.99145285,0.00000000,2.41788868,4.09105177
185226575.33647200,0.39348865,1.99145247,0.00000000,3.24099972,4.46280690
185227581.06376299,0.39348768,1.99145122,0.00000000,6.99644384,4.67573707
185228578.68100199,0.39348786,1.99144968,0.00000000,8.17966596,4.72111563
185229588.81199101,0.39348792,1.99144805,0.00000000,9.10566588,4.73682359
185230578.79745999,0.39348794,1.99144638,0.00000000,9.41433252,4.72460629
185231579.05568799,0.39348786,1.99144521,0.00000000,7.87099932,4.70889832
185232615.23876098,0.39348800,1.99144425,0.00000000,6.32766612,4.72111563
185233593.43724999,0.39348782,1.99144319,0.00000000,5.40166620,4.74031425
185234585.14813501,0.39348756,1.99144229,0.00000000,4.16699964,5.08239878
185235587.33750999,0.39348759,1.99144165,0.00000000,4.01266632,5.43146463
185236586.04787400,0.39348808,1.99144142,0.00000000,4.62999960,5.89921287
185237590.48802999,0.39348903,1.99144124,0.00000000,6.17333280,6.00218730
185238575.09922698,0.39349016,1.99144105,0.00000000,7.25366604,6.13134166
185239596.32448700,0.39349147,1.99144095,0.00000000,8.12822152,6.17148424
185240610.99792400,0.39349289,1.99144089,0.00000000,8.84844368,6.20464549
185241585.56500700,0.39349424,1.99144088,0.00000000,8.53977704,6.25351471
185242580.40375701,0.39349552,1.99144086,0.00000000,8.33399928,0.03141593
185243582.16037101,0.39349694,1.99144087,0.00000000,8.07677708,0.02617994
185244583.72110000,0.39349817,1.99144086,0.00000000,8.02533264,0.01745329
185245584.89099598,0.39349944,1.99144097,0.00000000,7.61377712,0.01919862
185246579.02031800,0.39350057,1.99144098,0.00000000,6.84211052,6.27969465
185247586.06333899,0.39350149,1.99144096,0.00000000,5.60744396,6.26224136
185248581.02891099,0.39350206,1.99144093,0.00000000,4.21844408,6.26922267
185249586.33458799,0.39350244,1.99144095,0.00000000,2.67511088,6.26573201
185250584.13760799,0.39350250,1.99144092,0.00000000,0.92599992,6.26573201
185251583.36791998,0.39350244,1.99144089,0.00000000,0.00000000,1000.00000000
185252583.65094098,0.39350242,1.99144091,0.00000000,0.00000000,1000.00000000
185253578.79297200,0.39350240,1.99144094,0.00000000,0.00000000,1000.00000000
185254585.80562699,0.39350239,1.99144096,0.00000000,0.00000000,1000.00000000
185255582.69854400,0.39350237,1.99144097,0.00000000,0.00000000,1000.00000000
185256585.65682501,0.39350236,1.99144098,0.00000000,0.00000000,1000.00000000
185257610.98359498,0.39350234,1.99144101,0.00000000,0.00000000,1000.00000000
185258573.75479299,0.39350231,1.99144103,0.00000000,0.00000000,1000.00000000
185259583.69296899,0.39350229,1.99144108,0.00000000,0.00000000,1000.00000000
185260611.66583398,0.39350227,1.99144110,0.00000000,0.00000000,1000.00000000
185261610.89484400,0.39350228,1.99144112,0.00000000,0.00000000,1000.00000000
185262583.89776000,0.39350229,1.99144115,0.00000000,0.00000000,1000.00000000
185263595.59765500,0.39350230,1.99144116,0.00000000,0.00000000,1000.00000000
185264603.19171700,0.39350230,1.99144117,0.00000000,0.00000000,1000.00000000
185265582.40843600,0.39350231,1.99144118,0.00000000,0.00000000,1000.00000000
185266618.29911199,0.39350232,1.99144119,0.00000000,0.00000000,1000.00000000
185267585.69817498,0.39350232,1.99144119,0.00000000,0.00000000,1000.00000000
185268585.71682000,0.39350232,1.99144119,0.00000000,0.00000000,1000.00000000
185269577.49155900,0.39350233,1.99144119,0.00000000,0.00000000,1000.00000000
185270587.25400698,0.39350233,1.99144119,0.00000000,0.00000000,1000.00000000
185271593.62608999,0.39350233,1.99144119,0.00000000,0.00000000,1000.00000000
185272596.60494399,0.39350234,1.99144120,0.00000000,0.00000000,1000.00000000
185273591.80598500,0.39350234,1.99144120,0.00000000,0.00000000,1000.00000000
185274597.68546399,0.39350234,1.99144120,0.00000000,0.00000000,1000.00000000
185275588.13598400,0.39350234,1.99144119,0.00000000,0.00000000,1000.00000000
185276590.00666100,0.39350234,1.99144120,0.00000000,0.00000000,1000.00000000
185277579.36546201,0.39350234,1.99144120,0.00000000,0.00000000,1000.00000000
185278589.49270198,0.39350254,1.99144124,0.00000000,1.08033324,6.26573201
185279577.31363899,0.39350306,1.99144131,0.00000000,3.18955528,6.26922267
185280616.99665898,0.39350367,1.99144136,0.00000000,4.52711072,6.27969465
185281587.74618998,0.39350438,1.99144137,0.00000000,5.29877732,6.16973891
185282591.46671098,0.39350533,1.99144091,0.00000000,5.81322172,6.03883921
185283588.34978300,0.39350616,1.99144065,0.00000000,5.40166620,6.04058454
185284582.83608499,0.39350668,1.99144051,0.00000000,3.85833300,6.12785100
185285579.22624099,0.39350697,1.99144060,0.00000000,2.26355536,6.24827872
185286582.82368800,0.39350706,1.99144063,0.00000000,0.82311104,0.01396263
185287584.18670899,0.39350714,1.99144064,0.00000000,0.72022216,0.03316126
185288610.75769800,0.39350726,1.99144067,0.00000000,1.08033324,0.06632251
185289574.62696800,0.39350754,1.99144062,0.00000000,1.33755544,0.10995574
185290590.69019699,0.39350763,1.99144069,0.00000000,0.66877772,0.14137167
185291579.15806100,0.39350772,1.99144068,0.00000000,0.56588884,0.15882496
185292581.20165500,0.39350787,1.99144078,0.00000000,0.92599992,0.17802358
185293599.36785200,0.39350809,1.99144092,0.00000000,1.44044432,0.16057029
185294583.71634099,0.39350835,1.99144094,0.00000000,1.80055540,0.08901179
185295581.92399698,0.39350872,1.99144097,0.00000000,2.67511088,0.01221730
185296584.06123599,0.39350927,1.99144098,0.00000000,3.80688856,6.26573201
185297583.62988198,0.39350989,1.99144101,0.00000000,4.01266632,0.08726646
185298582.84279799,0.39351053,1.99144110,0.00000000,4.16699964,0.18151424
185299585.83722499,0.39351106,1.99144122,0.00000000,3.18955528,0.25481807
185300627.16894299,0.39351151,1.99144134,0.00000000,3.24099972,0.25830873
185301578.66097400,0.39351204,1.99144144,0.00000000,3.85833300,0.11868239
185302581.44399500,0.39351248,1.99144144,0.00000000,2.36644424,6.27271333
185303585.94675499,0.39351264,1.99144138,0.00000000,0.61733328,6.25700537
185304585.02243099,0.39351262,1.99144133,0.00000000,0.15433332,6.25700537
185305585.39190999,0.39351259,1.99144127,0.00000000,0.20577776,6.25351471
185306585.17065999,0.39351255,1.99144120,0.00000000,0.00000000,1000.00000000
185307589.18118000,0.39351243,1.99144105,0.00000000,0.00000000,1000.00000000
185308569.83618000,0.39351236,1.99144095,0.00000000,0.00000000,1000.00000000
185309569.55779400,0.39351232,1.99144087,0.00000000,0.00000000,1000.00000000
185310578.69206399,0.39351228,1.99144081,0.00000000,0.00000000,1000.00000000
185311587.21175200,0.39351225,1.99144077,0.00000000,0.00000000,1000.00000000
185312614.56211600,0.39351219,1.99144076,0.00000000,0.00000000,1000.00000000
185313610.00867799,0.39351215,1.99144075,0.00000000,0.00000000,1000.00000000
185314582.57680300,0.39351211,1.99144074,0.00000000,0.00000000,1000.00000000
185315588.26966700,0.39351208,1.99144074,0.00000000,0.00000000,1000.00000000
185316583.08513498,0.39351205,1.99144075,0.00000000,0.00000000,1000.00000000
185317583.32826000,0.39351202,1.99144075,0.00000000,0.00000000,1000.00000000
185318582.44174901,0.39351199,1.99144074,0.00000000,0.00000000,1000.00000000
185319583.06476900,0.39351198,1.99144073,0.00000000,0.00000000,1000.00000000
185320592.63883099,0.39351195,1.99144073,0.00000000,0.00000000,1000.00000000
185321583.22607100,0.39351192,1.99144072,0.00000000,0.00000000,1000.00000000
185322577.44643500,0.39351191,1.99144072,0.00000000,0.00000000,1000.00000000
185323595.61961198,0.39351190,1.99144071,0.00000000,0.00000000,1000.00000000
185324590.55882999,0.39351190,1.99144070,0.00000000,0.00000000,1000.00000000
185325587.16570500,0.39351189,1.99144070,0.00000000,0.00000000,1000.00000000
185326574.74783999,0.39351188,1.99144069,0.00000000,0.00000000,1000.00000000
185327590.11039099,0.39351187,1.99144068,0.00000000,0.00000000,1000.00000000
185328583.73622400,0.39351187,1.99144067,0.00000000,0.00000000,1000.00000000
185329583.89002600,0.39351186,1.99144066,0.00000000,0.00000000,1000.00000000
